2.8682961
2.6361535
2.5198517
2.4295626
2.3575544
2.2983575
2.2472847
2.2023182
2.161914
2.1240046
2.0849698
2.0502603
2.0166726
1.984519
1.9515747
1.9214319
1.8905209
1.8637525
1.8354361
1.809004
1.7808805
1.7571043
1.7334019
1.7091594
1.6844051
1.6645957
1.6410879
1.6192751
1.5990487
1.5802726
1.5602762
1.5417161
1.5230457
1.5073704
1.488607
1.4711678
1.4548671
1.4380442
1.4223368
1.4090387
1.3937575
1.3775301
1.3646437
1.3507111
1.3355751
1.3236631
1.3092673
1.2967173
1.2853299
1.2737141
1.2622172
1.2500572
1.2385525
1.2279735
1.2156981
1.205028
1.1952382
1.1858531
1.1747893
1.165122
1.155272
1.1448039
1.1362373
1.1266284
1.1170621
1.1103772
1.1012927
1.0960464
1.0932639
1.0756388
1.0664899
1.0575881
1.0514299
1.0427605
1.0341634
1.0277518
1.0212733
1.0130038
1.003293
0.9993416
0.99009484
0.98382896
0.97671014
0.9702711
0.9628854
0.9562523
0.95105714
0.94460416
0.9385073
0.93273395
0.9253103
0.9196903
0.9138061
0.907649
0.9036837
0.89887184
0.8916656
0.8876981
0.8803801
0.8750033
0.8690643
0.8629958
0.85755444
0.8518107
0.8498877
0.84403586
0.83870375
0.83369976
0.82831055
0.824323
0.81964886
0.81331104
0.8111274
0.8073063
0.80056113
0.79443425
0.7915142
0.7868192
0.78280663
0.77804583
0.7762101
0.76994056
0.7658068
0.7636708
0.7573082
0.75539416
0.7499017
0.74639523
0.7419946
0.73975766
0.7337134
0.732337
0.72821563
0.7224529
0.7207164
0.7182427
0.7165028
0.7102872
0.7066828
0.7037046
0.70018023
0.6952512
